O -0.6719594189211049 -1.1212787248098082 4.90681081062215
O -3.286679829208907 1.6279057318347554 4.908579963398111
C -1.9050578361740662 -0.44482811381054466 4.9006186375654615
C -1.9502964161135594 1.0947602226441544 4.910956188735048
C -1.1044073468625832 -2.4397466664071454 4.9500039737986175
C -3.076020144568357 3.0778595287296113 4.991520278747659
H -2.949191139150223 -0.8021911917802222 3.812638507651922
H -2.848796495760988 -0.7892919282631556 6.112449672906257
H -0.9100417722679772 1.3265423853104423 3.743747492515883
H -0.9387799657756587 1.3400545197034863 6.113840424311376
H 0.15243157757268655 -3.3654861299321897 4.959319139086327
H -1.809798916869406 -3.0806754584127845 3.776510789518996
H -1.7948989126301704 -2.9897163729848732 6.179424784167859
H -1.9451757789129083 3.526442441275318 6.073394833963086
H -4.981839807704482 3.2841328296159444 4.918234481685998
H -2.019356512647464 3.4823487207012587 3.8938771731380655
O -7.027062120826987 5.96527011887337 -3.4929384519323854
O 4.598011602337139 -7.366397455773628 -3.801325623509147
C 6.968127694288299 6.872563255832203 -3.820159475449053
C 5.497535602477027 6.613713158070558 -3.3833560813094508
C -5.914823011770766 6.553948051413824 -4.116683915208924
C 3.278494765673993 7.139903116881923 -3.3418490384492614
H 7.138544846001903 -6.624116102188072 -3.460390547745831
H 6.856659552158186 7.103610030068035 -5.361306255912492
H 5.738324441535445 6.3001310100983385 -1.8720975195167533
H 5.409010700013838 5.100386157906437 -3.8899417718115217
H -4.668513270721869 5.671432854306646 -3.857814851267861
H -5.364833168990206 -7.128755659505446 -3.622861375895205
H -5.759269488181349 6.602662495775277 -5.62471564971213
H 3.048287994108132 5.5498200587091535 -3.63117650733048
H 2.5286940823565516 -6.264720642443848 -4.046119311862977
H 3.3517716478610415 6.74401704735012 -1.8302049348489078
O -4.07242466277997 0.3167534410279158 0.7297629959371577
O -5.824776210347398 3.0262577300234943 2.338345949366726
C -4.3270206383494285 1.4954985545907302 1.4407339758881577
C -5.732951484718868 1.778353332438555 1.5874881402876966
C -2.7422141288249957 0.5101295909140564 0.8068164531022433
C -7.24254732220497 3.1061463897454553 2.2814644309230663
H -3.4128499173084474 1.8529222177700584 2.883145982815094
H -4.0342197262636725 2.8209916806715736 0.8791917078954974
H -5.962061567061805 0.3716026758096742 2.050723039485682
H -6.562174263720795 1.4858027018219904 0.05494378052900473
H -2.267151777132343 -0.726023473948656 0.05833642265577765
H -1.6464768800801224 0.48877791978702945 2.1193049665150596
H -2.3401896456513445 1.5908018499432792 0.07949759032628378
H 6.734817533988155 2.683381962414222 0.8060902339371623
H -6.846243172155214 4.766880924506808 3.363873738349156
H 7.346767399357773 1.7427128473055857 2.69146848615798
O 0.6145335730361676 -2.482438511667679 2.6291302664734957
O 3.4323507069248347 -1.6944995266222804 3.70197882588608
C 1.8029637108514116 -2.5698923494657833 2.753871854898673
C 2.1922959850961163 -1.4484919476697176 3.6941942780476893
C 0.6475313994441496 -3.69388205683443 1.6697973583021763
C 3.5507096407909007 -0.5498867474130638 4.594878644927785
H 3.14055972336576 -2.839642008508489 3.086126787714928
H 1.899235995682762 -3.8393068474024146 1.4071940849318096
H 1.966843847348633 -0.23706295620811346 4.96102368119557
H 0.798244222708977 -1.3325057256747614 3.197201786407721
H -0.6206219294786184 -3.782169072164861 1.3928809292543818
H 1.6798609611426514 -3.972341173892941 1.9717053533896056
H 0.4759507115431667 -5.0024600593913195 0.24380981767827592
H 2.164968327824763 -0.16748501041831698 4.345149486462809
H 5.2260276613526315 -1.281691001388177 4.312864136518776
H 3.3165530374994607 0.7662196034948805 5.922283315386261
O -3.443896776919104 -5.987863341013394 5.88996576074161
O -4.611923408330096 6.105651733250541 5.19399883265589
C -4.261358159795131 -6.888504036658287 5.417763935503338
C -3.639073557409782 6.932380041336977 5.756713706777045
C -4.403669315572186 -5.159565874624423 5.3120154254035015
C -3.802408466289126 5.034220126217381 5.584635036717405
H -5.288434555298313 -6.331001913983758 5.680862276686092
H -5.333575088474108 7.376515206439022 3.8532333020258385
H -2.5312958717588447 -7.242516001640879 7.307625134091957
H -2.6981570205717684 6.383094315259704 5.3542076148669615
H -3.6720653509254753 -4.066727614225267 5.733222361834301
H -5.242847812366476 -4.2315626532445645 5.752494815794069
H -5.337613859148485 -5.669047722976552 3.814921628878146
H -2.6575935677338194 4.439247009702111 5.393480467397502
H -5.4243252502739985 4.31218046980667 4.705903494838523
H -2.6096838838942116 5.694806703195621 7.128708690621021
O -4.672993057202433 5.201833176659436 -0.39586769238803754
O -6.631283427387572 -6.7292329500584085 -1.7977957745240758
C -5.6053011731444045 6.254938608234756 -0.5545926760081397
C -5.621230899190415 7.254132958239646 -1.7911410366307337
C -4.981266772222931 4.617961518527055 0.8394630149055224
C -6.4063609994339 -5.874969492745773 -3.0084588706118396
H -7.113064259778199 5.930951916651113 -0.45186544131040307
H -5.527618693799283 7.223202286185174 0.613770638586967
H -5.597351119479978 6.191516762953057 -2.87708313504028
H -4.063933809659503 -7.408773306299402 -1.7350402222683705
H -4.029874431270073 3.3985796234186645 1.1953207715885465
H -6.290634350523266 3.8927560492552815 1.0234654974064146
H -4.701713941063019 5.337693534928425 2.1025826608945497
H -4.836224129011271 -5.541306264203222 -3.2164153548681043
H 7.103169330336698 -4.814837957737748 -2.5996195738096084
H -6.323098818122752 -6.796744482030347 -4.207048606585417
O -2.999620435470373 -4.666299570025781 -2.5178027320383265
O -1.1762160517227773 -1.4042707327700026 -4.613158686651246
C -2.067555374863428 -3.7226379503784477 -3.2092627040436525
C -2.2127120426159053 -2.233538473581601 -3.9556608181693775
C -2.4575030280158288 -5.836996165224316 -2.066948522032959
C -1.481852352148188 -0.07250914943100173 -5.299018022166564
H -1.7580363768505194 -3.6603014501501874 -2.463216545853946
H -0.5828222122506723 -4.00692794592085 -4.335390199958049
H -3.7388910307246555 -2.086920318921689 -2.783825390507779
H -2.417251708799828 -2.4134510039841195 -4.7542333367504455
H -3.3765686872853866 -7.025811770060353 -1.2548735798105923
H -2.4397389941876817 -6.114977121841196 -1.013415289123973
H -1.1470322341115562 -6.381355504429413 -3.0334832379670047
H -1.8781595776770799 -0.06560334969345454 -6.0562728174715454
H 0.025724099091865682 0.5877359083662066 -5.918471903661896
H -3.004578553272232 0.22609329639041498 -4.260759943285649
O -1.477709975364668 1.9897411348054526 -7.324406124231281
O -1.46336413865302 -1.7989664633730946 5.292434659493594
C -1.797426181372085 0.6348482256286512 6.941102977825416
C -1.014318089750283 -0.4702212195233706 5.966066636198306
C -2.3682192389173657 2.5962554131344087 -6.650532506646236
C -0.5401287387343281 -2.6607328642381765 4.385478768916315
H -3.2683473476075733 0.1727052798053319 -7.3042204487666
H -1.6878668743765104 0.15730837965319333 6.018509573234859
H -1.1006640596352852 0.15343207546184434 6.95059551710483
H 0.45592751525169106 0.04259875713355887 5.18764756109649
H -2.1619373088584553 4.141208881854517 -5.758797692609178
H -3.859411554690311 2.577228476699621 -5.569491501550019
H -2.2165839344208074 2.442696117761212 -7.393248418515448
H 1.0212347023501955 -2.1997883823831557 3.60102149641439
H -1.514876865279195 -4.167391764477415 3.820275594265496
H -0.48178496868532505 -2.1479809232613727 5.21574699822623
O 5.28671107442501 -5.454587224831318 -5.766210315085679
O 7.0691124085362524 -6.279682887642622 -6.066255928709651
C 6.229654260638579 -5.934978890987182 -5.446613288758936
C 6.0113883383298425 -5.733858655977926 -6.562082241042557
C 5.904086789408708 -5.797615199578466 -4.498279196303226
C 6.680605162621432 -5.908993973260756 -7.287672514708348
H 6.669689935224763 -7.4218388984996935 -4.457278897591813
H -7.3217434721913355 -5.354984488069682 -4.589304689864939
H 4.520229202824227 -6.245675413307644 -7.401084321475437
H 5.674766620705409 -4.1766772236442335 -7.447576167525742
H 4.98494007297557 -5.336755906879162 -4.649069953079135
H 6.060202305068211 -7.24223985966308 -3.5221246309246084
H 7.178211431469265 -5.113592117361794 -3.6576164427828246
H 6.1475334038084855 -4.374810915083085 6.597369373718479
H -6.749990267166316 -6.825381383034021 -6.166687840208599
H 5.180300092821026 -6.329399972725139 6.731682045097812
O 1.2659802501385293 -6.018361224083765 7.094634512301266
O 0.2446516336159128 6.663494343182961 3.318782005415148
C 0.7300205521829497 -7.104774539753613 5.729488597974509
C 0.8387119458354135 -7.158706885068966 4.664066947433511
C 0.9963313017582465 -6.411650394247424 -7.345043092108297
C 0.531483263798119 6.801028325484113 2.498253769716431
H -0.7495186200498374 7.491347997853277 5.262556972165589
H 1.320297529678971 6.496105379695201 5.188991658035178
H 0.3245715642174396 -5.695019486274559 5.348722641264585
H 2.3950329259008285 -6.838283534143148 5.174831663605897
H 1.527887630473188 -5.304739657530048 -5.796011642976046
H -0.41998113743844456 -6.475519873265583 -7.366337865266396
H 1.7060315231441763 7.40497831394485 7.4383418157714685
H 2.05395981844255 7.283519287882171 2.968573133514923
H -0.4207035195384776 5.157629858002299 0.955114801853501
H 0.09984445229502015 -6.7546609877613975 3.0751414674099617
